7777777777777777777777777777777777777777777777777
7777777777777777777777199999977777777777777777777
7777777777777777777777199999977777777777777777777
7777777777777777777777199999977777777777777777777
7777777777777777777777111111111111111111777777777
7777777777777777777777199999977777777771777777777
7777777777777777777777199999977777777771777777777
7777888888777777777777199999977777777771777777777
1111899998811111111111111111911111100000000000011
1111188881111110011111122222911111101111011111011
1111177771111110011111122222911111101111011111011
11111666611111100111111222221111111111110E1111111
1111155551111110011111111111111111100000000000011
1111144441111110000000000000000111111111111111111
1111233332111110011111111111110111111001111111111
1111333333111111011111111111110111111001111111111
1111333333111111011111111111110000000001111111111
1111333333111111011111111111110111111001111111111
1111222222111111011S11111111110111111001111111111
1111111111111111011111111111110111111001111111111
1111111111111111111111111111110111111001111111111
1999991110000000000011111111110111111001111111111
1999991111111111111111111111110111111111111111111
1999991111111111111100000000000111111111111111111
1999991111111111111111111111111111111111111111111
1999991111111111111111111111111111111111111111111
1111111111111111111111111111111111111111111111111
